0.588644
0.996748
0.944559
0.995594
0.889937
0.672151
0.739468
0.995488
0.962278
0.825081
0.975664
0.838914
0.984729
0.82272
0.947097
0.97755
0.988687
0.94862
0.888984
0.980608
0.999961
0.990143
0.988077
0.971865
0.775185
0.958559
0.731848
0.931559
0.968125
0.759418
0.751729
0.981783
0.822713
0.758389
0.97418
0.984325
0.936572
0.985277
0.692121
0.617849
0.333241
0.997151
0.763608
0.709431
0.874764
0.766473
0.862047
0.963742
0.989337
0.994668
0.526784
0.442506
0.485801
0.980748
0.928673
0.985702
0.984286
0.776469
0.846071
0.825655
0.885674
0.882253
0.891044
0.995275
0.98835
0.995628
0.974713
0.90466
0.713626
0.945619
0.852547
0.92077
0.806709
0.747728
0.744768
0.964718
0.368797
0.954957
0.86724
0.86724
0.997999
0.963135
0.996023
0.548972
0.863079
0.986631
0.999425
0.89063
0.985223
0.914407
0.997158
0.999419
0.986869
0.76544
0.975279
0.538606
0.916873
0.750378
0.907851
0.808533
0.714038
0.910713
0.668504
0.887413
0.865514
0.557255
0.933793
0.884159
0.544477
0.921129
0.739171
0.687959
0.49638
0.851769
0.989556
0.974131
0.979391
0.301372
0.991147
0.659676
0.972662
0.827041
0.90906
0.819668
0.993182
0.99871
0.58883
0.96741
0.572053
0.987199
0.897696
0.879356
0.991071
0.921225
0.421684
0.918626
0.995338
0.910422
0.940205
0.9477
0.977253
0.931544
0.997983
0.823392
0.919017
0.774788
0.9747
0.977003
0.88647
0.997731
0.987619
0.996803
0.994263
0.941329
0.998036
0.568368
0.913627
0.800989
0.867502
0.984024
0.577238
0.598841
0.986987
0.976409
0.993058
0.97438
0.931849
0.922576
0.926274
0.76224
0.947423
0.752828
0.804088
0.799681
0.992773
0.215545
0.756028
0.811805
0.99323
0.606178
0.743268
0.931094
0.906716
0.954458
0.53583
0.717138
0.909902
0.84179
0.901791
0.717147
0.989072
0.992972
0.924759
0.992018
0.961907
0.744022
0.746682
0.88373
0.788895
0.975138
0.686712
0.777013
0.979794
0.838286
0.888482
0.587672
0.940331
0.996195
0.999024
0.303355
0.987211
0.985328
0.54676
0.917919
0.903481
0.988157
0.901108
0.478431
0.953589
0.975596
0.947472
0.999899
0.692265
0.933244
0.998972
0.975488
0.973786
0.928835
0.932703
0.957891
0.982529
0.518497
0.99472
0.964698
0.321996
0.983082
0.928459
0.999282
0.978822
0.792421
0.974653
0.909606
0.985624
0.985624
0.870867
0.725786
0.974421
0.835411
0.980273
0.97862
0.993772
0.936956
0.828249
0.981018
0.895524
0.863441
0.949305
0.963082
0.957653
0.820938
0.989309
0.753511
0.989118
0.938352
0.723266
0.995195
0.989868
0.572225
0.998734
0.157273
0.979701
0.946833
0.974064
0.987666
0.577342
0.963864
0.963864
0.770016
0.876248
0.818885
0.196818
0.327568
0.982872
0.829645
0.954774
0.819161
0.995
0.744057
0.728954
0.870926
0.989745
0.94595
0.990976
0.625746
0.910519
0.238694
0.932615
0.97042
0.393464
0.933185
0.64501
0.590574
0.658107
0.844105
0.301823
0.936447
0.953896
0.917877
0.566929
0.967323
0.998209
0.988187
0.859651
0.957961
0.904343
0.996709
0.964945
0.630043
0.966402
0.76726
0.997251
0.838603
0.861456
0.997916
0.43924
0.820154
0.956035
0.92875
0.978504
0.832602
0.889959
0.924792
0.992978
0.990662
0.88157
0.291609
0.977785
0.887259
0.994273
0.84428
0.932027
0.584643
0.984678
0.88249
0.728716
0.932945
0.998394
0.999695
0.95899
0.865957
0.9982
0.999179
0.622686
0.903121
0.778871
0.777884
0.993626
0.990781
0.996821
0.725444
0.998825
0.993068
0.951931
0.999734
0.941693
0.964713
0.968674
0.822301
0.991233
0.982002
0.427873
0.607802
0.768342
0.0341842
0.844894
0.449962
0.930621
0.875716
0.957866
0.596807
0.668934
0.615845
0.89826
0.608081
0.937618
0.993607
0.945857
0.954008
0.911409
0.966206
0.779102
0.98911
0.722228
0.892343
0.931537
0.808782
0.286144
0.514322
0.783842
0.9047
0.964379
0.50994
0.96587
0.899857
0.91623
0.997132
0.998964
0.993176
0.997482
0.868969
0.975743
0.984245
0.850092
0.710151
0.985334
0.908978
0.986001
0.999464
0.607817
0.990491
0.97717
0.97552
0.819589
0.910246
0.99956
0.985227
0.90806
0.937383
0.897153
0.954757
0.738248
0.938687
0.646619
0.938412
0.911593
0.942833
0.999886
0.963932
0.993194
0.980865
0.981946
0.874381
0.847132
0.744397
0.958204
0.976482
0.997349
0.55243
0.980895
0.992551
0.939206
0.967046
0.919416
0.848317
0.447175
0.956381
0.91841
0.999133
0.941721
0.921134
0.949821
0.908914
0.981948
0.801673
0.899433
0.9388
0.625689
0.971269
0.958097
0.554473
0.997636
0.916531
0.834967
0.900623
0.708355
0.960635
0.890239
0.984034
0.978025
0.665675
0.98639
0.831751
0.991739
0.947461
0.952257
0.989604
0.995648
0.968375
0.999466
0.666732
0.757705
0.956309
0.539272
0.989182
0.999476
0.153213
0.931884
0.988648
0.99412
0.970274
0.843925
0.231199
0.464301
0.0878001
0.859728
0.239808
0.914534
0.924248
0.568515
0.755239
0.772787
0.966967
0.951076
0.653566
0.797631
0.968464
0.645108
0.892305
0.993646
0.876691
0.417236
0.979932
0.802201
0.968334
0.86823
0.716146
0.970419
0.908148
0.980742
0.755288
0.571599
0.861893
0.83726
0.642506
0.839158
0.977096
0.0759719
0.975336
0.297939
0.966039
0.138899
0.257144
0.97287
0.649109
0.856571
0.982313
0.861367
0.907286
0.790813
0.41714
0.381805
0.785574
0.0167731
0.998299
0.974992
0.984804
0.827193
0.99598
0.803238
0.477725
0.146395
0.961972
0.908126
0.797796
0.864872
0.934345
0.987496
0.822547
0.980567
0.897823
0.965119
0.752074
0.679089
0.997757
0.775521
0.727027
0.559356
0.937675
0.992879
0.847951
0.971734
0.986742
0.95957
0.794102
0.950519
0.9041
0.859951
0.936967
0.996965
0.894002
0.605628
0.592287
0.908515
0.968503
0.995144
0.810248
0.989072
0.864731
0.716607
0.946904
0.97416
0.919067
0.966277
0.999739
0.860583
0.995324
0.930528
0.585677
0.997431
0.669976
0.398782
0.85152
0.64679
0.994795
0.985291
0.990872
0.677463
0.57721
0.0360878
0.990493
0.960197
0.931373
0.962313
0.995396
0.348591
0.909371
0.950653
0.994718
0.981724
0.76025
0.72178
0.851971
0.571083
0.538131
0.90775
0.698811
0.706962
0.918896
0.99236
0.934574
0.566365
0.317121
0.955139
0.966888
0.424509
0.496524
0.98005
0.977977
0.954605
0.797934
0.969319
0.901537
0.895726
0.954843
0.883431
0.68438
0.952749
0.505949
0.839321
0.646989
0.9869
0.28886
0.906948
0.579553
0.934292
0.771218
0.989871
0.96416
0.378777
0.935877
0.871598
0.975726
0.849572
0.998466
0.937647
0.991128
0.991916
0.991621
0.990113
0.900186
0.924994
0.943048
0.900859
0.803542
0.871542
0.84622
0.975411
0.712576
0.913298
0.739829
0.941632
0.735575
0.411627
0.739668
0.334851
0.385567
0.786347
0.979163
0.251569
0.928782
0.979925
0.721118
0.937376
0.632629
0.674799
0.991326
0.768449
0.549293
0.486183
0.92738
0.929018
0.999953
0.990216
0.971475
0.740312
0.986321
0.975825
0.45221
0.988218
0.810606
0.993684
0.158605
0.926519
0.822778
0.987719
0.727793
0.944386
0.808515
0.648027
0.979333
0.909568
0.788596
0.899597
0.998409
0.996127
0.994569
0.964763
0.314905
0.502675
0.620418
0.464068
0.907271
0.553078
0.932561
0.852813
0.277664
0.955981
0.805004
0.746973
0.978072
0.358407
0.845492
0.916611
0.713775
0.948744
0.841694
0.95864
0.718395
0.992877
0.453509
0.986879
0.919425
0.989071
0.934626
0.884781
0.884454
0.997906
0.479734
0.939993
0.485739
0.881778
0.671303
0.996118
0.949406
0.91308
0.65772
0.830982
0.611961
0.680478
0.989871
0.505328
0.637055
0.98777
0.852906
0.993366
0.891379
0.939692
0.991528
0.262788
0.440291
0.940349
0.738044
0.990462
0.952259
0.882701
0.636211
0.856024
0.759473
0.836906
0.976981
0.782408
0.991702
0.776466
0.727718
0.882488
0.415197
0.764011
0.340464
0.976615
0.699924
0.980609
0.933144
0.984453
0.776375
0.985581
0.744071
0.709923
0.492416
0.982978
0.673978
0.134831
0.93578
0.972849
0.883908
0.953874
0.977687
0.609067
0.993637
0.972696
0.467512
0.850578
0.997619
0.501739
0.982753
0.696345
0.939731
0.935476
0.875572
0.852907
0.691729
0.925885
0.804265
0.995452
0.967353
0.997073
0.763174
0.480477
0.990853
0.655105
0.869537
0.83603
0.803493
0.986867
0.787872
0.983337
0.533708
0.698184
0.98713
0.817208
0.7504
0.971626
0.773275
0.983632
0.991104
0.662538
0.617553
0.941982
0.988258
0.807827
0.96129
0.72958
0.589653
0.805979
0.956506
0.947699
0.738576
0.991838
0.970707
0.91929
0.954005
0.692383
0.963428
0.820011
0.479669
0.935219
0.882103
0.996057
0.69937
0.983532
0.439842
0.896288
0.800126
0.994258
0.994581
0.648636
0.985083
0.550422
0.280386
0.794367
0.568988
0.782346
0.990171
0.239416
0.979548
0.927607
0.938358
0.996616
0.772695
0.997259
0.915524
0.603837
0.926518
0.437343
0.694937
0.896047
0.987593
0.841841
0.615027
0.952207
0.561498
0.321516
0.877737
0.948265
0.897389
0.970759
0.719093
0.968821
0.839038
0.980083
0.556992
0.743951
0.972762
0.90989
0.994733
0.725876
0.309629
0.661471
0.992201
0.999979
0.993809
0.966594
0.971715
0.860408
0.719971
0.693504
0.868762
0.983936
0.571939
0.666211
0.802752
0.908307
0.498071
0.97688
0.913116
0.631718
0.761405
0.577838
0.687799
0.972685
0.441335
0.756347
0.764285
0.573369
0.93407
0.986043
0.830233
0.804037
0.475192
0.983191
0.375618
0.643253
0.86036
0.829276
0.978551
0.97011
0.855164
0.691729
0.804027
0.892179
0.920167
0.640229
0.99889
0.956008
0.939246
0.997678
0.991831
0.94188
0.996052
0.985225
0.955548
0.708596
0.989234
0.9804
0.991965
0.993092
0.919578
0.992612
0.45641
0.892803
0.995252
0.978548
0.944826
0.758933
0.591718
0.998969
0.992924
0.984762
0.996095
0.47302
0.78884
0.975415
0.745032
0.985906
0.698053
0.727934
0.578606
0.92881
0.990415
0.998074
0.917918
0.800181
0.670036
0.811432
0.861234
0.988999
0.953906
0.849978
0.827213
0.978656
0.9866
0.847639
0.986596
0.630127
0.968415
0.936569
0.653886
0.855472
0.996949
0.991359
0.980647
0.274849
0.970899
0.857253
0.981554
0.210032
0.825053
0.747513
0.794063
0.764509
0.923123
0.980179
0.738548
0.912967
0.986426
0.981293
0.951129
0.95726
0.974229
0.558688
0.924958
0.922166
0.996165
0.526654
0.962905
0.126359
0.996513
0.951951
0.990427
0.978156
0.985713
0.919249
0.90645
0.982721
0.461258
0.80638
0.575801
0.988201
0.993063
0.847662
0.989068
0.952011
0.864456
0.509647
0.477174
0.481256
0.96464
0.880406
0.848528
0.717519
0.840383
0.773589
0.930831
0.532736
0.809796
0.914434
0.929613
0.881076
0.997915
0.974604
0.573225
0.769208
0.993299
0.959259
0.586625
0.712115
0.680189
0.973668
0.915787
0.950242
0.973247
0.0993354
0.800329
0.996164
0.55541
0.240465
0.935009
0.986231
0.974873
0.117851
0.23945
0.966242
0.967663
0.337123
0.902484
0.938891
0.814677
0.991259
0.534383
0.995055
0.592092
0.969803
0.598219
0.626215
0.679939
0.770951
0.984982
0.824258
0.997914
0.947786
0.875408
0.73757
0.671235
0.781632
0.428179
0.961628
0.979009
0.549675
0.953609
0.942718
0.903043
0.663054
0.901617
0.852973
0.809934
0.715879
0.911162
0.687861
0.9952
0.993128
0.953774
0.941
0.746607
0.940504
0.876521
0.689864
0.989649
0.917274
0.875704
0.935135
0.59959
0.672572
0.939523
0.910037
0.875177
0.991524
0.986879
0.996736
0.516109
0.991401
0.890381
0.876925
0.985494
0.976693
0.935741
0.823541
0.90264
0.993971
0.591648
0.881913
0.99673
0.912362
0.984111
0.992648
0.875147
0.98784
0.949978
0.45592
0.896496
0.667
0.73118
0.935906
0.670376
0.944506
0.929955
0.993541
0.933325
0.767066
0.990871
0.993417
0.988266
0.96116
0.955
0.933676
0.699897
0.99123
0.965321
0.780731
0.86461
0.993435
0.596054
0.993573
0.976145
0.520969
0.966478
0.978632
0.895107
0.990383
0.994727
0.493799
0.231675
0.98874
0.794534
0.642366
0.661116
0.842263
0.976984
0.844158
0.989153
0.952997
0.944402
0.866686
0.986197
0.96772
0.998895
0.98891
0.994642
0.293251
0.538168
0.94833
0.643341
0.980532
0.914255
0.96135
0.959289
1
0.934366
0.539367
0.710994
0.989149
0.752776
0.612074
0.981384
0.991129
0.975831
0.946301
0.959895
0.949998
0.914099
0.931978
0.838021
0.960151
0.953492
0.34768
0.966822
0.987328
0.918847
0.86844
0.910586
0.810364
0.969065
0.974965
0.905945
0.761126
0.685122
0.986899
0.473202
0.819184
0.592187
0.353548
0.906726
0.981154
0.14001
0.84324
0.561392
0.803763
0.955608
0.321524
0.983667
0.974466
0.689554
0.861021
0.73233
0.972444
0.506964
0.479045
0.999735
0.975027
0.989515
0.940523
0.284143
0.820486
0.989224
0.943498
0.422233
0.774536
0.962445
0.381829
0.414502
0.983056
0.92965
0.442198
0.73859
0.949094
0.988594
0.936629
0.869607
0.971842
0.627362
0.659054
0.854164
0.988476
0.968547
0.806771
0.991239
0.82196
0.62017
0.509087
0.892174
0.448324
0.648264
0.960056
0.715024
0.958875
0.979379
0.992095
0.969293
0.885336
0.75413
0.325002
0.801649
0.9365
0.891723
0.341176
0.986349
0.949881
0.990863
0.928529
0.173994
0.481989
0.859053
0.859074
0.82642
0.132081
0.56431
0.50057
0.927052
0.476938
0.991954
0.807215
0.741603
0.473497
0.506502
0.998761
0.995968
0.981881
0.85628
0.982336
0.938541
0.907595
0.737182
0.950626
0.967718
0.930333
0.46658
0.998703
0.9028
0.291712
0.985595
0.406877
0.620903
0.991131
0.292975
0.960889
0.994705
0.990667
0.990941
0.890089
0.98077
0.872741
0.962348
0.986014
0.84975
0.997402
0.75519
0.761316
0.911259
0.602601
0.829746
0.817321
0.931381
0.177135
0.856163
0.448036
0.970033
0.895696
0.825347
0.630442
0.241055
0.939163
0.8293
0.709309
0.912334
0.98439
0.946802
0.981537
0.296613
0.896544
0.786132
0.545988
0.828366
0.859221
0.65029
0.322756
0.574763
0.673014
0.93847
0.975044
0.760792
0.983182
0.953077
0.434678
0.99109
0.751412
0.963333
0.928599
0.289778
0.994771
0.985175
0.988523
0.937786
0.302448
0.332563
0.426169
0.978968
0.909274
0.942595
0.770181
0.90656
0.966681
0.955576
0.581295
0.955577
0.997325
0.996133
0.696385
0.916404
0.237405
0.91228
0.879288
0.00541902
0.834481
0.964068
0.881321
0.717567
0.935174
0.955074
0.409831
0.567709
0.538544
0.967683
0.838062
0.570518
0.954201
0.940096
0.994596
0.999702
0.861955
0.965295
0.310949
0.180238
0.397939
0.971387
0.935829
0.50136
0.832964
0.564217
0.960369
0.923316
0.999495
0.915122
0.991828
0.993228
0.993155
0.758992
0.723304
0.753252
0.986789
0.961294
0.332608
0.949525
0.869701
0.891068
0.98989
0.704344
0.689313
0.929546
0.891079
0.769921
0.944965
0.992427
0.962121
0.997657
0.683916
0.861782
0.992895
0.917169
0.477679
0.993247
0.882399
0.917342
0.867293
0.984731
0.588295
0.852306
0.42988
0.89786
0.673314
0.989204
0.860475
0.996551
0.972835
0.887728
0.987896
0.802801
0.983267
0.683387
0.849398
0.969715
0.720844
0.898636
0.680475
0.88007
0.964398
0.985128
0.981109
0.530805
0.8026
0.945646
0.840557
0.99515
0.977609
0.851052
0.987353
0.988251
0.93993
0.955124
0.997675
0.953539
0.996904
0.950072
0.977466
0.982556
0.582093
0.830922
0.783661
0.745797
0.984408
0.386043
0.834824
0.979484
0.816976
0.416794
0.979926
0.90106
0.804749
0.897496
0.385172
0.727685
0.794717
0.996449
0.327899
0.999998
0.990149
0.770983
0.923294
0.967894
0.935806
0.642217
0.356667
0.596716
0.915848
0.995731
0.986406
0.905392
0.895363
0.950782
0.863235
0.973992
0.406149
0.7267
0.402936
0.998453
0.888074
0.906455
0.859951
0.961215
0.885627
0.564469
0.793833
0.974526
0.945369
0.993654
0.998376
0.976584
0.899246
0.90493
0.973792
0.829112
0.97957
0.872295
0.395729
0.976985
0.910512
0.993436
0.963688
0.743173
0.992588
0.808171
0.997838
0.245771
0.97254
0.716393
0.970714
0.893149
0.864231
0.993919
0.902741
0.821949
0.989984
0.71982
0.925242
0.755476
0.991222
0.8406
0.488874
0.988104
0.264263
0.945951
0.149675
0.937951
0.986952
0.922452
0.992014
0.969799
0.0550606
0.986701
0.938446
0.962546
0.94055
0.9952
0.858994
0.743823
0.865214
0.949986
0.545387
0.965703
0.98352
0.952139
0.834946
0.582159
0.972573
0.68558
0.769868
0.930217
0.909278
0.985046
0.563803
0.985343
0.995393
0.708645
0.641032
0.245124
0.486544
0.855333
0.991658
0.942659
0.829402
0.632642
0.750667
0.841938
0.670761
0.915282
0.500542
0.991611
0.782007
0.968281
0.967742
0.663477
0.988439
0.980111
0.533761
0.961006
0.982795
0.569341
0.897469
0.95524
0.965716
0.989379
0.99754
0.317507
0.906006
0.580882
0.995107
0.918002
0.398176
0.807986
0.908125
0.897696
0.289492
0.995538
0.469791
0.400525
0.961331
0.798691
0.703564
0.490624
0.923962
0.882823
0.925109
0.967225
0.98406
0.987966
0.866588
0.980138
0.971426
0.293056
0.599217
0.987233
0.988704
0.947844
0.709665
0.962484
0.908431
0.802047
0.996707
0.989438
0.758233
0.959167
0.971249
0.984627
0.868073
0.685618
0.990439
0.998241
0.879359
0.413707
0.602473
0.971085
0.99968
0.971012
0.691105
0.969493
0.909135
0.549014
0.785553
0.78302
0.663527
0.694006
0.911765
0.930435
0.944492
0.953587
0.995561
0.998931
0.977956
0.295032
0.91563
0.551356
0.98825
0.86665
0.593128
0.115312
0.633832
0.919273
0.665223
0.782709
0.990009
0.634475
0.432025
0.681039
0.781056
0.993324
0.734669
0.947257
0.949029
0.972964
0.265607
0.853603
0.99025
0.93576
0.957291
0.890099
0.96763
0.938054
0.730287
0.201078
0.947679
0.669894
0.974938
0.951553
0.76648
0.566463
0.964612
0.993162
0.966232
0.775579
0.603601
0.933172
0.970594
0.949391
0.932965
0.802264
0.916505
0.845822
0.989086
0.960743
0.857913
0.971899
0.999906
0.861883
0.591334
0.759142
0.981673
0.960765
0.190759
0.0104854
0.936615
0.996937
0.925914
0.753244
0.950062
0.855278
0.991927
0.983711
0.773026
0.587466
0.630739
0.466688
0.364554
0.653527
0.907759
0.853525
0.578083
0.589513
0.618513
0.930845
0.941485
0.801121
0.824619
0.844797
0.664845
0.978826
0.930127
0.993105
0.986158
0.671059
0.943892
0.998046
0.95751
0.990267
0.998444
0.507117
0.919636
0.285388
0.8243
0.983818
0.839352
0.989745
0.965108
0.96489
0.940684
0.620599
0.908382
0.988435
0.733999
0.985093
0.272918
0.901709
0.97035
0.948513
0.974662
0.991279
0.815957
0.907072
0.892919
0.822854
0.969333
0.96308
0.272585
0.874541
0.803796
0.72518
0.984473
0.988321
0.299935
0.951652
0.823127
0.871361
0.976003
0.911039
0.781798
0.995701
0.963293
0.780012
0.90308
0.951808
0.962615
0.749517
0.807091
0.949563
0.986334
0.737313
0.980312
0.989213
0.969025
0.944407
0.808688
0.877518
0.950495
0.763037
0.839254
0.814523
0.998062
0.69851
0.656115
0.999987
0.569762
0.904346
0.962223
0.553762
0.677365
0.971879
0.805229
0.664669
0.874195
0.97674
0.983641
0.416854
0.282623
0.917148
0.753858
0.989591
0.983875
0.97213
0.509289
0.870265
0.734387
0.809037
0.847778
0.566777
0.532506
0.991158
0.90928
0.754044
0.596425
0.945327
0.975485
0.984129
0.991884
0.617468
0.92281
0.936566
0.660047
0.942587
0.630352
0.991832
0.737268
0.995827
0.995352
0.914078
0.981469
0.763746
0.559634
0.715207
0.982478
0.993634
0.580381
0.825943
0.970806
0.561227
0.00286944
0.26822
0.115311
0.175116
0.056001
0.0429105
0.438187
0.216665
0.0480689
0.100771
0.13097
0.28243
0.0421893
0.0811516
0.0800637
0.00110215
0.0962184
0.0574901
0.00761979
0.00773003
0.0089544
0.0787779
0.0203992
0.00778127
0.0375724
0.550773
0.145866
0.0578782
0.119959
0.0288397
0.0706826
0.123362
0.211345
0.763314
0.291839
0.331332
0.0304614
0.115797
0.0871245
0.219433
0.0325238
0.177988
0.137698
0.0223846
0.235175
0.117884
0.0235871
0.0994181
0.197852
0.122294
0.0432926
0.0253029
0.379427
0.0490635
0.559779
0.0328901
0.0312955
0.0511842
0.00851176
0.0253287
0.0236369
0.247414
0.438111
0.674776
0.757665
0.434294
0.135533
0.293141
0.0311573
0.0813021
0.384749
0.0796698
0.164383
0.119184
0.484252
0.0926555
0.450731
0.125404
0.0563719
0.123858
0.48984
0.118794
0.320448
0.350761
0.962937
0.00511727
0.0654169
0.083232
0.0444076
0.460635
0.0137611
0.422183
0.423382
0.129688
0.190545
0.0629903
0.0859315
0.137971
0.0623232
0.199797
0.0304002
0.0312223
0.459916
0.18478
0.68274
0.0901955
0.134723
0.351877
0.732264
0.299572
0.134379
0.241793
0.325335
0.140122
0.0596588
0.155168
0.31389
0.5846
0.32948
0.449886
0.211034
0.476851
0.393281
0.188332
0.0999365
0.558042
0.199753
0.454359
0.0336873
0.0126164
0.294648
0.00562877
0.0770757
5.31198e-007
0.0385149
0.274387
0.172102
0.454062
0.185536
0.120693
0.200323
0.0433422
0.0102686
0.071011
0.097754
0.298898
0.0156407
0.0423345
0.168134
0.00485212
0.345352
0.295664
0.0772669
0.01423
0.114945
0.209752
0.518194
0.207315
0.450429
0.0266189
0.055857
0.121553
0.133542
0.0481469
0.666074
0.0301815
0.21639
0.435803
0.295274
0.129628
0.00925838
0.123162
0.35631
0.189937
0.0314942
0.0585126
0.594407
0.0328818
0.381037
0.870976
0.119621
0.330271
0.0473488
0.284225
0.288391
0.0673625
0.061052
0.0526544
0.163313
0.373784
0.00297602
0.260529
0.118552
0.004686
0.0420398
0.0680116
0.290798
0.452153
0.0818437
0.0551532
0.432233
0.070797
0.198238
0.027647
0.225317
0.0459277
0.306079
0.144069
0.0799712
0.0703799
0.114011
0.114011
0.311792
0.563711
0.146404
0.218667
0.0550333
0.264289
0.0534426
0.0954636
0.344702
0.0387725
0.74464
0.0126538
0.0159642
0.226955
0.267871
0.368856
0.0364799
0.358409
0.444445
0.185787
0.463878
0.042983
0.173684
0.0337043
0.176516
0.182895
0.0649738
0.506568
0.000384307
0.250506
0.166676
0.0280715
0.00496632
0.0609258
0.122243
0.572994
0.108713
0.0513248
0.862224
0.283123
0.244401
0.0393275
0.597015
0.173877
0.316171
0.169587
0.0399498
0.0433556
0.586179
0.0800793
0.225351
0.0809921
0.207258
0.0749012
0.172701
0.0447287
0.00403545
0.586157
0.75992
0.888135
0.39853
0.364942
0.0330016
0.485162
0.0515697
0.11664
0.0852969
0.0295489
0.10707
0.391482
0.0288783
0.040114
0.0704104
0.0111452
0.393681
0.104003
0.238019
0.231394
0.057287
0.0140812
0.0347344
0.234676
0.0950953
0.48123
0.046631
0.98275
0.201721
0.0223302
0.0121365
0.281142
0.091762
0.245695
0.126541
0.452502
0.00482197
0.261402
0.0946306
0.0629228
0.100229
0.0455206
0.0387976
0.0990999
0.0676913
0.283321
0.115759
0.128723
0.243157
0.168924
0.910231
0.0818161
0.381633
0.524436
0.120748
0.14746
0.983213
0.0565039
0.453321
0.781384
0.243804
0.496277
0.0878633
0.0322822
0.289494
0.0435483
0.0162894
0.0702833
0.137914
0.261388
0.168474
0.259179
0.0339837
0.0981992
0.156888
0.457317
0.0197571
0.0354816
0.188237
0.00465672
0.340366
0.241133
0.0467633
0.0128123
0.225994
0.0577373
0.370609
0.172695
0.105194
0.854348
0.108385
0.386259
0.0878696
0.0148673
0.030023
0.220852
0.493531
0.0541461
0.260924
0.0791381
0.141666
0.02331
0.135191
0.142808
0.0625144
0.0205607
0.151752
0.546571
0.458589
0.0343615
0.3963
0.119658
0.556243
0.038881
0.747698
0.443303
0.0448764
0.20356
0.205223
0.0570693
0.100078
2.78503e-006
0.0557107
0.324122
0.461991
0.041336
0.100392
0.267869
0.474509
0.0186392
0.119706
0.0159446
0.615194
0.0630007
0.0744368
0.51072
0.100307
0.112766
0.201537
0.00457581
0.00304553
0.153831
0.698033
0.170326
0.141727
0.17385
0.068955
0.800117
0.0221874
0.175549
0.230162
0.20844
0.0552616
0.0279419
0.251244
0.367606
0.707067
0.292776
0.0837735
0.101079
0.0953679
0.223556
0.372832
0.0445096
0.106899
0.186826
0.0348989
0.0658762
0.105525
0.0752508
0.0895619
0.0567886
0.00875464
0.031565
0.165326
0.574439
0.170142
0.176754
0.327262
0.0162714
0.309144
0.293116
0.060415
0.153552
0.0288264
0.194736
0.0397321
0.0248741
0.169417
0.0200899
0.0211438
0.0866192
0.38019
0.478257
0.112932
0.375623
0.327988
0.376911
0.383227
0.473992
0.4785
0.547082
0.222305
0.00879717
2.0665e-005
0.407802
0.0968307
0.40926
0.0814074
0.0576416
0.00496835
0.0748237
0.000730619
0.0875122
0.00982125
0.123578
0.593721
0.445863
0.194032
0.104163
0.0454397
0.313909
0.0433163
0.184844
0.47389
0.107701
0.118002
0.769487
0.33547
0.0104799
0.413919
0.136323
0.0626657
0.0468761
0.0341031
0.0388962
0.19914
0.158427
0.0605456
0.233345
0.556704
0.572083
0.0536131
0.105374
0.661327
0.0577822
0.342194
0.602173
0.11187
0.251502
0.0360695
0.518448
0.15171
0.189817
0.298034
0.00222098
0.584545
0.596497
0.535724
0.271615
0.271615
0.623522
0.104352
0.120491
0.70003
0.0801166
0.567466
0.0850131
0.760484
0.369296
0.042594
1.60693e-006
0.351243
0.698895
0.18648
0.110038
0.0405756
0.600948
0.667988
0.00728688
0.640626
0.237755
0.164701
0.577491
0.0181938
0.956701
0.0272495
0.0253681
0.00931338
0.0612899
0.121584
0.0124132
0.0693911
0.239039
0.168663
0.295822
0.0366669
0.00432844
0.135205
0.11299
0.00840275
0.313485
0.178405
0.619397
0.605526
0.896781
0.262163
0.0306544
0.115584
0.136718
0.175472
0.0817629
0.1089
0.0364812
0.0349703
0.117236
0.0400374
0.0710997
0.0710997
0.0710997
0.119126
0.00574941
0.043033
0.208253
0.155306
0.520705
0.0417189
0.00443994
0.226348
0.081115
0.314309
0.283582
0.183885
0.230819
0.39119
0.489485
0.257605
0.844126
0.0773418
0.0819096
0.295139
0.519164
0.37956
0.404216
0.41683
0.170416
0.933361
0.180954
0.0900029
0.178738
0.483124
0.309742
0.303597
0.0153853
0.020415
0.149017
0.0538483
0.34705
0.0410769
0.401599
0.401599
0.318266
0.169933
0.203482
0.320211
0.0040886
0.261893
0.0792863
0.170763
0.0759512
0.0584652
0.394326
0.00626862
0.243856
0.701419
0.564376
0.347091
0.61044
0.405827
0.632806
0.201353
0.367912
0.665469
0.0990037
0.349513
0.119456
0.749
0.336476
0.00744541
0.192365
0.0140304
0.0348685
0.445147
0.00113654
0.0113823
0.102277
0.085201
0.0795794
0.260634
0.0776234
0.00801367
0.265905
0.130143
0.569853
0.161427
0.0166881
0.484708
0.0142018
0.01334
0.0323853
0.245259
0.709239
0.178037
0.264161
0.0589297
0.310972
0.0114876
0.560965
0.0801039
0.103233
0.535934
0.164202
0.00290811
0.314029
0.349439
0.0390082
0.0555656
0.0660787
0.3194
0.0747977
0.00314326
0.04204
0.495421
0.239959
0.258235
0.0395913
0.00746751
0.0973563
0.0482756
0.0152385
0.256963
0.64607
0.379269
0.481813
0.215194
0.123521
0.0638209
0.00555584
0.0170988
0.377893
0.377893
0.121457
0.0933432
0.0230328
0.000359836
0.178587
0.312343
0.137153
0.019037
0.0503899
0.148345
0.101083
0.0124154
0.0318889
0.032462
0.0101187
0.0475557
0.0524294
0.116198
0.23191
0.600434
0.125996
0.44243
0.181662
0.273425
0.167861
0.128514
0.0302793
0.0886215
0.0956929
0.0207601
0.691544
0.19212
0.114916
0.162964
0.217074
0.122953
0.160145
0.182439
0.0404134
0.0901223
0.0264979
0.0867861
0.276731
0.0254885
0.424989
0.329175
0.22626
0.154098
0.287301
0.116494
0.372642
0.323147
0.178859
0.2052
0.11788
0.0411932
0.0221337
0.164045
0.0297073
0.54373
0.112249
0.0257902
0.924426
0.209056
0.8481
0.177962
0.153783
0.797536
0.327423
0.189901
0.543859
0.148256
0.168068
0.524902
0.070157
0.000840343
0.367606
0.0617787
0.393814
0.214084
0.135609
0.274489
0.164508
0.832453
0.346656
0.0912066
0.582565
0.0123329
0.33797
0.574819
0.12651
0.226935
0.571635
0.167709
0.269557
0.208815
0.735755
0.242141
0.187322
0.176039
0.193519
0.0347183
0.746099
0.125441
0.38102
0.0495848
0.367412
0.0481732
0.0863062
0.110937
0.0563901
0.418734
0.0265347
0.332999
0.248683
0.380214
0.010641
0.0683953
0.00234741
0.0331338
0.836672
0.377179
0.596441
0.137715
0.311478
0.0201624
0.510232
0.915018
0.118493
0.801384
0.0243119
0.00746218
0.460868
0.585538
0.0356771
0.133753
0.248097
0.0135566
0.632674
0.10643
0.175074
0.196142
0.70638
0.0694573
0.000256182
0.101082
0.278244
0.603779
0.624903
0.0160268
0.0300807
0.0791669
0.549204
0.152733
0.554486
0.0814382
0.334617
0.167631
0.0608176
0.0189373
0.0778819
0.0244644
0.0254891
0.726486
0.269224
0.494365
0.296214
0.124798
0.195588
0.138693
0.322964
0.560772
0.0310406
0.168963
0.251767
0.125706
0.0603623
0.965327
0.206861
0.306499
0.0850703
0.00582302
0.203508
0.0561193
0.2141
0.392751
0.0750413
0.0190084
0.217025
0.0141841
0.204779
0.224525
0.076717
0.341468
0.512898
0.877149
0.154257
0.412819
0.169659
0.0700348
0.0262472
0.0486769
0.0210968
0.187233
0.375993
0.463554
0.227761
0.0455345
0.708551
0.0940414
0.0510732
0.0342286
0.446178
0.0938781
0.292124
0.0561921
0.317229
0.222325
0.0735548
0.0854792
0.146354
0.0496766
0.154363
0.153041
0.391015
0.777685
0.185352
0.0436908
0.00657926
8.04996e-005
0.280366
0.186304
0.274119
0.598874
0.287144
0.417716
0.163115
0.00728741
0.0341003
0.00679746
0.309126
0.0991807
0.0383079
0.0411112
0.242222
0.448605
0.00509452
0.074812
0.0654131
0.0663362
0.00550234
0.308907
0.308907
0.291371
0.144033
0.739663
0.042785
0.0294494
0.453072
0.147673
0.11244
0.0147545
0.0348864
0.382587
0.0506277
0.230376
0.208716
0.134666
0.000485413
0.435425
0.0341335
0.0200813
0.250297
0.755432
0.174928
0.219958
0.997524
0.0715082
0.0206462
0.0406535
0.138249
0.222294
0.139217
0.407604
0.00631984
0.152718
0.279728
0.468985
0.0692288
0.0324862
0.393432
0.0205009
0.136542
0.760137
0.721407
0.0679866
0.110383
0.0642938
0.0814454
0.0814454
0.0818022
0.39042
0.00752469
0.495505
0.0196492
0.411304
0.0189235
0.0133745
0.234356
0.0486939
0.307284
0.035329
0.257532
0.0300977
0.0186959
0.0161622
0.18211
0.263111
0.0584981
0.168136
0.079792
0.418235
0.0325112
0.0362155
0.00121181
0.0315315
0.0412783
0.354958
0.16721
0.572441
0.316426
0.533505
0.0754162
0.521119
0.0914239
0.668978
0.424192
0.494413
0.735611
0.298706
0.444127
0.155214
0.63354
0.118766
0.505445
0.159575
0.0445062
0.119606
0.0587941
0.505558
0.204854
0.288041
0.435223
0.114584
0.81243
0.425198
0.331096
0.0244229
0.421802
0.421781
0.0315604
0.322859
0.0167246
0.753473
0.943923
0.0247609
0.970741
0.0072135
0.0694679
0.249561
0.0635442
0.717097
0.338483
0.0879017
0.943301
0.373965
0.136863
0.0984643
0.486445
0.41542
0.319553
0.229936
0.314966
0.794071
0.258706
0.456557
0.252497
0.250337
0.233784
0.0424223
0.0421385
0.0123171
0.292957
0.780639
0.717022
0.248035
0.0357894
0.0195075
0.353477
0.443747
0.00622705
0.433719
0.407205
0.407205
0.0197451
0.00245111
0.303225
0.0271081
0.206729
0.0751173
0.29221
0.314214
0.227704
0.138661
0.0441098
0.365619
0.152485
0.309659
0.369469
0.178982
0.0298432
0.467651
0.0914652
0.21941
0.129351
0.551658
0.129606
0.297286
0.00375401
0.422775
0.062029
0.301
0.02745
0.461366
0.16512
0.969644
0.214962
0.211916
0.417734
0.864089
0.0268949
0.475574
0.532979
0.371903
0.0200649
0.0493101
0.60245
0.0531739
0.626797
0.306584
0.241599
0.746688
0.0804991
0.0872919
0.545192
0.539144
0.231925
0.449043
0.527282
0.873174
0.158665
0.505159
0.0534359
0.00841589
0.312411
0.27221
0.0561276
0.136641
0.00464371
0.0872399
0.690457
0.62811
0.607419
0.199285
0.0391493
0.028482
0.354039
0.282306
0.0233408
0.0338469
0.365343
0.0347295
0.260495
0.279592
0.168533
0.467089
0.226031
0.00581654
0.0106014
0.559721
0.261176
0.0523398
0.430833
0.0855739
0.0126594
0.00854164
0.146938
0.560097
0.290323
0.0707726
0.16199
0.395967
0.0518274
0.423423
0.208656
0.177348
0.354078
0.239449
0.109018
0.199809
0.000880172
0.0881755
0.359632
0.109753
0.250438
0.0800739
0.016569
0.155638
0.193124
0.457843
0.0502976
0.170191
0.369684
0.209891
0.833468
0.0694062
0.303105
0.0315536
0.240936
0.018672
0.00538343
0.315203
0.34029
0.0952384
0.0533712
0.255392
0.371771
0.152409
0.074959
0.03011
0.298377
0.160193
0.668357
0.108886
0.00914285
0.331241
0.257987
0.481345
0.00811736
0.0239372
0.130029
0.10131
0.631417
0.253508
0.330807
0.13826
0.00686008
0.0229262
0.0553538
0.0155572
0.0111453
0.364429
0.486413
0.120241
0.0919127
0.311866
0.0915571
0.0582848
0.0229707
0.0482389
0.109671
0.2435
0.0166809
0.2722
0.154485
0.218434
0.0187551
0.436915
0.0810483
0.0231909
0.558578
0.206211
0.105324
0.338574
0.180289
0.0205088
0.0264037
0.145309
0.0409148
0.671548
0.108481
0.0617443
0.00911819
0.330939
0.185403
0.105798
0.225969
0.0593554
0.360717
0.367917
0.078504
0.844966
0.0739954
0.1171
0.055211
0.150554
0.00974528
0.21909
0.020846
0.263264
0.235911
0.271615
0.113465
0.0360462
0.0964997
0.00406126
0.017156
0.293833
0.102933
0.0789441
0.237587
0.0477903
0.0453901
0.983762
0.136207
0.00729538
0.830824
0.306628
0.647658
0.153339
0.0762322
0.00500123
0.253639
0.000509337
0.101579
0.1944
0.269464
0.192258
0.0737687
0.116568
0.00760141
0.282923
0.058779
0.307571
0.0480574
0.800239
0.175398
0.0246227
0.210176
0.341927
0.212747
0.176822
0.0987853
0.0926725
0.12438
0.30936
0.33205
0.490821
0.138198
0.015837
0.0377121
0.560179
0.826216
0.363809
0.260146
0.136982
0.350703
0.306334
0.342014
0.704821
0.859649
0.412697
0.0073903
0.121443
0.101732
0.0791199
0.54447
0.271374
0.166657
0.526226
0.853009
0.344579
0.206734
0.504922
0.47924
0.105746
0.0529326
0.0424047
0.0332306
0.0383453
0.0902126
0.106394
0.150976
0.0430802
0.00713285
0.292319
0.167074
0.0948061
0.114344
0.531127
0.697791
0.977463
0.34524
0.195332
0.195332
0.0999574
0.0814802
0.269932
0.199101
0.760959
0.25884
0.296116
0.573954
0.0888871
0.11933
0.0205462
0.169817
0.305355
0.0433062
0.0882263
0.206789
0.0672572
0.02326
0.199146
0.553764
0.425874
0.0188187
0.14541
0.0784102
0.0328713
0.123586
0.0346446
0.244535
0.153465
0.140203
0.0306365
0.099948
0.287883
0.0573816
0.358956
0.481294
0.212765
0.0629776
0.734625
0.0078644
0.00402433
0.0209373
0.130124
0.171826
0.483291
0.12332
0.0849501
0.117927
0.168613
0.056548
0.218908
0.00717484
0.0057718
0.386087
0.0755844
0.0885989
0.145377
0.161581
0.0550536
0.403412
0.0309837
0.00454702
0.260395
0.0350568
0.0934086
0.0331306
0.201116
0.328195
0.434967
0.0822996
0.0928049
0.0410586
0.0214648
0.89925
0.0311723
0.229489
0.0566175
0.0754395
0.0550404
0.108264
0.0682948
0.55976
0.0818293
0.0952592
0.671299
0.0175816
0.386353
0.0185441
0.812922
0.349854
0.0816126
0.258075
0.0477553
0.263228
0.0437045
0.181131
0.510005
0.0169253
0.280494
0.0524239
0.040499
0.599072
0.171785
0.241964
0.519355
0.012411
0.430334
0.113076
0.130769
0.31302
0.474801
0.250274
0.588371
0.981492
0.457605
0.257971
0.0880036
0.525679
0.0388676
0.447152
0.414741
0.0586567
0.491415
0.215336
0.000105753
0.151313
0.285291
0.0743216
0.1119
0.147835
0.100354
0.0179996
0.223633
0.409632
0.441509
0.361787
0.138372
0.00219063
0.326026
0.0060905
0.189433
0.0102304
0.745436
0.356015
0.555358
0.225264
0.0868816
0.18951
0.500317
0.173386
0.345147
0.493634
0.673373
0.238564
0.661976
0.0512622
0.0993707
0.292271
0.0406417
0.614279
0.269027
0.0301042
0.139036
0.613017
0.558808
0.31149
0.0437993
0.195469
0.1343
0.12529
0.157892
0.0710629
0.375862
0.137308
0.0606477
0.813
0.0107495
0.0670081
0.21667
0.0233819
0.126537
0.311542
0.755349
0.159772
0.0806509
0.302811
0.215041
0.0432751
0.107669
0.00285575
0.389158
0.198864
0.0642561
0.274473
0.163205
0.273221
0.980265
0.0685779
0.446584
0.0156642
0.0910061
0.460839
0.148338
0.227174
0.202213
0.0949819
0.0744355
0.0903475
0.211646
0.141058
0.175472
0.103854
0.0648697
0.106198
0.375954
0.0974226
0.0462558
0.081759
0.0352099
0.38893
0.0249811
0.0255943
0.0380103
0.130398
0.011159
0.188651
0.0573685
0.435473
0.0852957
0.71722
0.3108
0.851069
0.633006
0.0266825
0.015303
0.0230406
0.267565
0.999631
0.0863207
0.154588
0.253378
0.0488001
0.352162
0.404144
0.260795
0.389732
0.129097
0.0653528
0.231556
0.321394
0.0668486
0.373662
0.320138
0.690334
0.259161
0.404223
0.352118
0.313706
0.930008
0.0358489
0.108699
0.956022
0.138205
0.721976
0.0720609
0.535773
0.0210884
0.0548595
0.150686
0.515384
0.0987667
0.135622
0.179446
0.216086
0.226914
0.00351118
0.271615
0.0281547
0.0885999
0.0774468
0.00545193
0.216091
0.155617
0.213808
0.286352
0.0490992
0.548247
0.0179449
0.218394
0.359274
0.177158
0.137279
0.0929355
0.043293
0.228236
0.257398
0.0533267
0.110375
0.323802
0.0508505
0.195254
0.277143
0.408823
0.23015
0.285404
0.546582
0.261791
0.0799503
0.520879
0.0580043
0.447679
0.447679
0.251044
0.429843
0.0160768
0.937976
0.104534
0.671541
0.078449
0.144461
0.20187
0.147803
0.636386
0.020375
0.00869765
0.0591577
0.110692
0.36072
0.2036
0.294579
0.172548
0.105412
0.00644413
0.139933
0.0061622
4.92613e-005
0.664329
0.470427
0.0841779
0.0536044
0.00394827
0.455361
0.218984
0.402828
0.0123726
0.204222
0.00722852
0.0767564
0.0349613
0.0921206
0.427371
0.108083
0.500855
0.02653
0.118612
0.740125
0.811878
0.710431
0.896715
0.660604
0.0728694
0.151818
0.0156898
0.0101876
0.0339554
0.0201026
0.0352289
0.105823
0.647864
0.255095
0.0278652
0.197299
0.293273
0.688675
0.287371
0.24375
0.801088
0.25292
0.155461
0.0039308
0.224091
0.162522
0.951706
0.249364
0.150667
0.410831
0.0483286
0.765496
0.451964
0.200902
0.371306
0.544117
0.0251304
0.0615076
0.0181313
0.452166
0.0877564
0.876415
0.151756
0.0410706
0.0367796
0.019903
0.0375281
0.0205753
0.533925
0.354025
0.232596
0.171012
0.450866
0.0971616
0.403314
0.762266
0.0872342
0.0660353
0.54239
0.0138271
0.758518
0.0125747
0.537891
0.676221
0.127452
0.0666667
0.422475
0.0142739
0.0100304
0.0179672
0.300369
0.201629
0.0992418
0.1806
0.269435
0.0711504
0.00208958
0.843627
0.280556
0.256428
0.298116
0.488952
0.0409404
0.352079
0.938499
0.0565625
0.591288
0.292125
0.011211
0.0672836
0.126929
0.0628457
0.279183
0.272334
0.00276211
0.0504438
0.0238162
0.21396
0.09931
0.0482536
0.0334458
0.82309
0.479542
0.135709
0.0502066
0.39068
0.431157
0.241147
0.184043
0.0142799
0.419719
0.186623
0.996184
0.452809
0.108156
0.0618859
0.0631474
0.395745
0.0287929
0.0189908
0.766666
0.582587
0.010686
0.242199
0.372624
0.47071
0.147823
0.26137
0.504165
0.444814
0.011964
0.00869687
0.34339
0.147085
0.32949
0.00980161
0.41605
0.925024
0.0852669
0.0264361
0.128668
0.440518
0.13391
0.275486
0.267049
0.127684
0.241076
0.674148
0.317921
0.239216
0.202671
0.000884835
0.223069
0.0620804
0.115749
0.56444
0.246093
0.0711388
0.2115
0.384466
0.394636
0.187646
0.077474
0.173948
0.0990133
0.335497
0.227847
0.307495
0.0366094
0.0103423
0.0628872
0.0348801
0.0305485
0.0262265
0.280749
0.975994
0.0529855
0.341298
0.0217564
0.0186195
0.0155954
0.53129
0.0561473
0.499945
0.275811
0.0979854
0.0256669
0.564403
0.608384
0.111014
0.0700204
0.0172101
0.051776
0.486787
0.219466
0.0501485
0.322206
0.314368
0.297903
0.146051
0.127188
0.139807
0.298598
0.096614
0.485336
0.285535
0.277145
0.538433
0.0107369
0.654909
0.411919
0.787999
0.231482
0.288219
0.165238
0.11175
0.0464507
0.0940884
