0.476799
0.999673
0.987991
0.999914
0.99034
0.874692
0.807551
0.999873
0.959948
0.99227
0.998442
0.930977
0.997973
0.98267
0.998616
0.999736
0.99997
0.998518
0.877144
0.994335
0.999999
0.996519
0.999762
0.993286
0.818641
0.999094
0.883848
0.9921
0.998985
0.890196
0.955398
0.99927
0.947
0.791289
0.999626
0.999645
0.988673
0.999323
0.857019
0.762746
0.180965
0.99965
0.848663
0.820487
0.98763
0.938841
0.966746
0.998218
0.999489
0.999496
0.685332
0.666645
0.404806
0.999489
0.987746
0.999736
0.999747
0.86313
0.891218
0.97642
0.964484
0.94349
0.802267
0.99982
0.999843
0.999999
0.999423
0.991777
0.692636
0.993553
0.945945
0.984238
0.839273
0.876823
0.785508
0.979813
0.588309
0.998065
0.878491
0.878491
0.999958
0.998905
0.999661
0.716521
0.966053
0.927767
0.996525
0.994882
0.999423
0.990146
0.999882
0.999979
0.999768
0.906788
0.99942
0.838287
0.987786
0.948167
0.990637
0.921597
0.734529
0.979246
0.33059
0.998083
0.818296
0.498832
0.998472
0.907936
0.227392
0.990727
0.741656
0.6729
0.700848
0.986899
0.999787
0.986633
0.999479
0.291996
0.999901
0.87
0.997629
0.98808
0.962863
0.920461
0.999864
0.999802
0.639104
0.999728
0.534802
0.969488
0.899307
0.951025
0.999916
0.988853
0.57435
0.983933
0.9999
0.994762
0.997633
0.974893
0.993036
0.967418
0.999907
0.790111
0.962372
0.962108
0.997731
0.996715
0.992743
0.999842
0.999779
0.999908
0.999942
0.991294
0.999081
0.737296
0.952508
0.871183
0.973372
0.998785
0.84356
0.764349
0.995967
0.998617
0.999507
0.999992
0.920622
0.983487
0.994191
0.573806
0.993136
0.96379
0.894003
0.819575
0.999027
0.423216
0.804127
0.838811
0.999833
0.657422
0.97286
0.998491
0.965175
0.980942
0.657297
0.781363
0.988325
0.977113
0.980969
0.666008
0.992706
0.999714
0.997757
0.999745
0.998891
0.892367
0.934107
0.688385
0.943531
0.952686
0.636412
0.801564
0.979201
0.872752
0.98452
0.484734
0.895626
0.99725
0.999989
0.359633
0.999651
0.988634
0.588219
0.942926
0.956954
0.999632
0.97897
0.498016
0.978761
0.988988
0.998622
0.998664
0.908895
0.986127
0.999982
0.996464
0.98031
0.37327
0.978738
0.984999
0.999623
0.558359
0.995091
0.988677
0.376839
0.996997
0.988463
0.999991
0.99956
0.783607
0.994224
0.954069
0.999843
0.999843
0.873297
0.756623
0.958499
0.872911
0.999498
0.989858
0.999835
0.992126
0.961028
0.999276
0.782238
0.953229
0.998646
0.997839
0.99809
0.972255
0.999784
0.635405
0.999869
0.992663
0.893952
0.99998
0.999921
0.650605
0.999528
0.1333
0.992883
0.999497
0.999425
0.999081
0.626791
0.996853
0.996853
0.818571
0.949061
0.762396
0.0254214
0.129039
0.997969
0.77434
0.999095
0.976481
0.9999
0.703465
0.811113
0.951675
0.998158
0.989764
0.999896
0.794202
0.982562
0.0934808
0.954244
0.976771
0.235049
0.908569
0.825192
0.748268
0.729743
0.950287
0.240774
0.988546
0.997288
0.966983
0.66021
0.999205
0.999878
0.999654
0.984255
0.966593
0.995851
0.990322
0.999666
0.809572
0.883282
0.870615
0.999146
0.988462
0.99223
0.999966
0.343849
0.953181
0.999004
0.995708
0.995563
0.945445
0.662554
0.995231
0.999864
0.999179
0.960655
0.171149
0.999685
0.807542
0.994432
0.937339
0.992862
0.606656
0.998718
0.822867
0.958985
0.982998
0.999875
0.999988
0.998569
0.820055
0.995936
0.999963
0.662071
0.990987
0.834244
0.955464
0.99999
0.999994
0.998721
0.807829
0.999972
0.999746
0.996243
0.999693
0.969924
0.974584
0.999602
0.915951
0.999904
0.995775
0.379971
0.800652
0.737835
0.00170536
0.962551
0.357106
0.964674
0.897717
0.997778
0.595924
0.827975
0.781207
0.958186
0.837733
0.986305
0.99962
0.934181
0.987093
0.994842
0.998923
0.835308
0.959829
0.784476
0.903144
0.98882
0.90433
0.439329
0.666875
0.982458
0.895953
0.98594
0.644462
0.997489
0.962661
0.996506
0.999999
0.999871
0.999923
0.999974
0.972021
0.988781
0.996946
0.975647
0.832687
0.999389
0.940052
0.997402
0.99992
0.972118
0.999987
0.998493
0.999989
0.862151
0.996991
0.994076
0.98329
0.963759
0.988296
0.993126
0.9765
0.822144
0.966122
0.837658
0.924736
0.974981
0.948018
0.999996
0.99348
0.996458
0.990206
0.999484
0.679803
0.879123
0.915598
0.993223
0.997631
0.999967
0.661423
0.999514
0.99985
0.990611
0.99202
0.995306
0.77776
0.706039
0.994763
0.992343
0.999981
0.959092
0.940524
0.992831
0.992413
0.988441
0.892399
0.827569
0.997333
0.764795
0.99941
0.996775
0.776098
0.99998
0.95915
0.920492
0.999187
0.878371
0.977572
0.992586
0.987069
0.990307
0.923305
0.972088
0.950931
0.999883
0.997615
0.990354
0.999851
0.999897
0.988716
0.999994
0.794176
0.865621
0.998275
0.597509
0.99976
0.999801
0.152685
0.940205
0.991838
0.999879
0.99825
0.950022
0.214365
0.360726
0.00930151
0.974533
0.532303
0.975483
0.980844
0.460989
0.80951
0.922504
0.999014
0.944515
0.610118
0.538358
0.999299
0.772092
0.970521
0.999971
0.858314
0.388523
0.997674
0.710696
0.998673
0.911915
0.893499
0.949059
0.991526
0.999626
0.709728
0.568753
0.953965
0.753805
0.348339
0.933663
0.98484
0.0481658
0.99333
0.211555
0.996285
0.0836225
0.28582
0.999785
0.773363
0.859986
0.999681
0.742516
0.940288
0.91731
0.487729
0.501844
0.867298
0.00275304
0.99999
0.9988
0.999943
0.855003
0.999803
0.945894
0.496897
0.0491119
0.99956
0.988352
0.7238
0.905801
0.980778
0.999816
0.945855
0.999474
0.730405
0.999413
0.898802
0.564799
0.999923
0.749373
0.636562
0.705752
0.9839
0.999923
0.978313
0.928876
0.983282
0.998397
0.658778
0.8426
0.991585
0.995357
0.993257
0.999949
0.964623
0.881734
0.877366
0.973133
0.976704
0.999945
0.689937
0.999418
0.961077
0.827682
0.997033
0.999796
0.984722
0.995988
0.999992
0.898929
0.998097
0.997169
0.422782
0.997061
0.641246
0.444724
0.923518
0.624984
0.999885
0.999975
0.999913
0.362642
0.389866
0.00443004
0.993819
0.997674
0.996777
0.988994
0.9985
0.0527741
0.984044
0.994552
0.99984
0.999427
0.864265
0.732706
0.954165
0.515926
0.675694
0.966677
0.944536
0.831493
0.992663
0.97087
0.982834
0.577201
0.144799
0.997475
0.989251
0.201166
0.284747
0.994465
0.998862
0.998806
0.930634
0.997964
0.976415
0.98915
0.971155
0.875192
0.93219
0.99896
0.46894
0.944528
0.715912
0.996267
0.344175
0.965145
0.343828
0.998056
0.576767
0.999941
0.999259
0.531819
0.998577
0.981973
0.999475
0.965949
0.999911
0.979994
0.999981
0.999873
0.999868
0.999872
0.982166
0.994565
0.991647
0.985475
0.892138
0.949002
0.933958
0.993201
0.71548
0.994764
0.899926
0.965211
0.560757
0.88203
0.692439
0.342029
0.682229
0.934858
0.999615
0.408321
0.985544
0.999444
0.561114
0.996165
0.659379
0.418829
0.999402
0.965582
0.784532
0.219149
0.9927
0.994707
0.999977
0.999886
0.999317
0.866632
0.996752
0.999463
0.690007
0.999914
0.850957
0.999651
0.255143
0.988903
0.937202
0.998245
0.942789
0.99618
0.942223
0.918681
0.982304
0.939726
0.942932
0.924465
0.999913
0.996215
0.999922
0.997309
0.593255
0.578124
0.751232
0.454044
0.995634
0.524489
0.979645
0.983585
0.174205
0.917151
0.906833
0.698696
0.996641
0.34044
0.943981
0.950897
0.95051
0.998633
0.988957
0.998106
0.493278
0.999907
0.616666
0.997059
0.983145
0.999108
0.946609
0.945885
0.97205
0.999962
0.683402
0.991983
0.3842
0.652303
0.770504
0.999946
0.997522
0.994799
0.471022
0.984653
0.283125
0.629188
0.999941
0.530597
0.716948
0.994287
0.99349
0.999256
0.984399
0.944584
0.999769
0.319816
0.555357
0.961088
0.873433
0.999809
0.900464
0.810851
0.504232
0.987313
0.812695
0.900163
0.993047
0.58336
0.999251
0.809125
0.962886
0.97846
0.426237
0.87116
0.255804
0.997282
0.739262
0.999665
0.825621
0.992204
0.889065
0.998618
0.730118
0.830689
0.450776
0.839784
0.722547
0.119562
0.994652
0.997043
0.942371
0.999039
0.999684
0.850301
0.998794
0.971644
0.309783
0.964812
0.999921
0.869117
0.999621
0.858826
0.986075
0.983558
0.931583
0.891648
0.897669
0.928556
0.96037
0.999504
0.999561
0.999974
0.965047
0.297946
0.999463
0.790275
0.968507
0.976869
0.914975
0.999708
0.830054
0.999822
0.706011
0.748286
0.999776
0.933506
0.832544
0.985693
0.932675
0.99863
0.995298
0.583779
0.641372
0.99857
0.999548
0.806129
0.952353
0.9321
0.586845
0.972789
0.999809
0.986913
0.86671
0.991975
0.996625
0.997313
0.997903
0.737996
0.936421
0.880741
0.602567
0.900557
0.9959
0.999894
0.631147
0.999734
0.750347
0.87964
0.88436
0.999773
0.999969
0.757741
0.999369
0.637543
0.465288
0.802392
0.634487
0.831938
0.999239
0.223656
0.999885
0.978478
0.982947
0.999981
0.790866
0.999698
0.93091
0.515024
0.874388
0.341852
0.787605
0.996717
0.999562
0.789209
0.455589
0.975688
0.61676
0.0911804
0.981615
0.991364
0.990017
0.971681
0.828702
0.999203
0.891877
0.997384
0.562938
0.929991
0.978042
0.82462
0.999883
0.87019
0.10071
0.734291
0.994084
0.998057
0.999862
0.993234
0.998864
0.982437
0.524661
0.660956
0.960821
0.998549
0.450282
0.791363
0.732198
0.897439
0.775441
0.999101
0.988625
0.862606
0.824273
0.643288
0.577089
0.997644
0.225868
0.810001
0.768145
0.567015
0.97236
0.999251
0.920017
0.900615
0.284473
0.998451
0.530406
0.840939
0.896442
0.964508
0.997393
0.994146
0.914455
0.897669
0.86648
0.843014
0.973555
0.840262
0.99988
0.998862
0.959941
0.999996
0.996499
0.999562
0.999995
0.999242
0.965894
0.754296
0.998294
0.985197
0.99999
0.99983
0.956298
0.999796
0.619496
0.964051
0.999957
0.958395
0.997644
0.889285
0.591105
0.999965
0.999939
0.981713
0.999746
0.615802
0.722579
0.999881
0.79411
0.999626
0.403472
0.594041
0.807014
0.982934
0.999806
0.999993
0.996209
0.948309
0.872308
0.840745
0.963131
0.999802
0.99088
0.964287
0.969597
0.990875
0.997759
0.837215
0.998452
0.66589
0.997677
0.991489
0.656532
0.917043
0.999502
0.999945
0.99967
0.146001
0.990609
0.839975
0.999968
0.116717
0.89595
0.884865
0.903399
0.676784
0.959274
0.993876
0.524887
0.991254
0.999233
0.984017
0.999374
0.995077
0.999751
0.782889
0.990974
0.972704
0.999796
0.459653
0.994223
0.0138879
0.999705
0.997224
0.998279
0.999361
0.999656
0.990959
0.928671
0.998765
0.51437
0.961036
0.739243
0.999936
0.994814
0.981242
0.999931
0.995233
0.911732
0.463963
0.517549
0.278912
0.99683
0.992086
0.986905
0.957912
0.784302
0.920518
0.998915
0.765036
0.701882
0.941734
0.925643
0.721844
0.999842
0.973633
0.413091
0.868974
0.99858
0.991839
0.708923
0.952222
0.688408
0.998746
0.921333
0.999054
0.982593
0.109929
0.839039
0.99936
0.589703
0.139997
0.936797
0.999632
0.995919
0.101747
0.238027
0.990049
0.997898
0.837153
0.943979
0.997796
0.889329
0.999998
0.81632
0.997474
0.673268
0.999274
0.661326
0.717232
0.878165
0.879555
0.958313
0.925688
0.999968
0.99883
0.835029
0.86926
0.833691
0.98388
0.282599
0.996694
0.999344
0.598258
0.984332
0.88054
0.940831
0.82575
0.979574
0.976276
0.951252
0.910819
0.946499
0.861597
0.999807
0.999518
0.970687
0.989686
0.792641
0.996937
0.890479
0.557595
0.999772
0.96586
0.82607
0.996025
0.830497
0.839172
0.983816
0.99674
0.910753
0.999619
0.995872
0.99999
0.550325
0.999837
0.860266
0.975957
0.999807
0.992764
0.975985
0.885352
0.970367
0.999787
0.844299
0.979351
0.999967
0.989482
0.999721
0.999626
0.943732
0.9998
0.99296
0.521845
0.98933
0.743329
0.664082
0.98584
0.961921
0.992344
0.99053
0.999892
0.996757
0.888398
0.999895
0.999963
0.999043
0.984944
0.870402
0.995581
0.783966
0.999638
0.996765
0.654053
0.879823
0.999987
0.656848
0.991088
0.945488
0.571422
0.982597
0.997537
0.981993
0.999687
0.994082
0.548485
0.349643
0.997401
0.932911
0.861868
0.781989
0.897199
0.981295
0.953505
0.999772
0.998588
0.997133
0.978704
0.985872
0.679999
0.999918
0.999394
0.999973
0.5486
0.789885
0.997861
0.836996
0.999724
0.989781
0.999644
0.994152
0.9979
0.918106
0.6016
0.869654
0.999658
0.786067
0.57457
0.995476
0.996182
0.998473
0.993112
0.999691
0.999892
0.995379
0.972899
0.963963
0.992506
0.974572
0.145933
0.999139
0.999136
0.961525
0.976323
0.992183
0.774766
0.999677
0.999999
0.995279
0.832126
0.692119
0.999482
0.669824
0.843542
0.635012
0.250196
0.938968
0.998569
0.111029
0.955229
0.660765
0.854278
0.999602
0.388463
0.983177
0.999828
0.832592
0.960063
0.981648
0.995647
0.571366
0.536292
0.999814
0.999712
0.999752
0.979126
0.237569
0.947246
0.99976
0.997004
0.133163
0.44562
0.998768
0.272983
0.374456
0.998401
0.965537
0.403396
0.781664
0.997965
0.998429
0.929074
0.91874
0.99815
0.772325
0.806959
0.990891
0.996898
0.994444
0.885463
0.999967
0.979236
0.79345
0.545865
0.946603
0.52538
0.548329
0.999713
0.937017
0.995022
0.992054
0.98537
0.995289
0.955054
0.655258
0.487972
0.709979
0.979748
0.996017
0.451047
0.99988
0.998379
0.999428
0.994187
0.111999
0.34824
0.963526
0.986937
0.932676
0.116363
0.551437
0.810956
0.956172
0.644219
0.999927
0.983436
0.732191
0.348685
0.706122
0.999901
0.999952
0.979951
0.783493
0.999579
0.997971
0.973631
0.869916
0.934762
0.999519
0.988933
0.360714
0.99996
0.993722
0.205492
0.997335
0.392324
0.871044
0.999842
0.308988
0.994372
0.998883
0.999965
0.999826
0.935192
0.998541
0.949586
0.968091
0.999354
0.945926
0.999997
0.876816
0.675428
0.822684
0.728546
0.930191
0.749544
0.895582
0.21937
0.98734
0.651101
0.998559
0.972309
0.94673
0.679791
0.163188
0.984466
0.938779
0.740266
0.985402
0.996964
0.713606
0.88397
0.263164
0.92221
0.902146
0.722759
0.970274
0.964885
0.643611
0.238703
0.749266
0.478386
0.988725
0.998569
0.905606
0.999636
0.982883
0.273881
0.999825
0.860841
0.996525
0.997157
0.0729448
0.999925
0.99979
0.99956
0.981576
0.523221
0.219756
0.375096
0.998996
0.996062
0.997618
0.975342
0.972785
0.961289
0.989088
0.794037
0.973286
0.999999
0.996021
0.495072
0.984364
0.260352
0.965925
0.886521
0.00338266
0.71766
0.99671
0.980867
0.858031
0.995086
0.709848
0.605001
0.637155
0.738407
0.994774
0.889283
0.668149
0.948264
0.994196
0.99996
0.998524
0.907455
0.986762
0.303129
0.11477
0.399693
0.993299
0.940955
0.326386
0.979226
0.382464
0.991766
0.975444
0.999831
0.900508
0.999841
0.999185
0.999876
0.811251
0.599279
0.869209
0.999722
0.995746
0.512818
0.998219
0.970776
0.923559
0.99941
0.951165
0.719285
0.992124
0.944967
0.941208
0.976575
0.999515
0.993844
0.999946
0.693844
0.955341
0.997871
0.991858
0.289772
0.999821
0.981672
0.994684
0.975191
0.993763
0.424564
0.944043
0.286029
0.954791
0.869593
0.999042
0.95474
0.996458
0.98804
0.896272
0.998911
0.815523
0.997226
0.901278
0.987372
0.991132
0.693848
0.984619
0.693643
0.984057
0.999135
0.999524
0.99931
0.493259
0.873327
0.986898
0.906405
0.999978
0.998202
0.959748
0.997781
0.999728
0.997464
0.985084
0.999937
0.98701
0.999554
0.994947
0.999636
0.99968
0.73466
0.846363
0.884591
0.661023
0.986401
0.616447
0.979583
0.999738
0.970372
0.653249
0.992505
0.988268
0.791137
0.975479
0.288373
0.878203
0.811556
0.999862
0.215681
0.999837
0.996855
0.687996
0.984697
0.982347
0.95554
0.521683
0.352927
0.637822
0.991366
0.998578
0.999566
0.981893
0.992804
0.995056
0.899761
0.985527
0.314849
0.8654
0.539381
0.999976
0.896483
0.984616
0.958734
0.975777
0.979392
0.613607
0.870767
0.99994
0.981255
0.999965
0.999987
0.993313
0.906522
0.908252
0.999649
0.852958
0.996147
0.992505
0.591426
0.99995
0.985283
0.999675
0.999306
0.881559
0.999704
0.868273
0.999834
0.031408
0.944754
0.756894
0.778358
0.851495
0.973907
0.99909
0.96851
0.874536
0.991835
0.910891
0.998628
0.902589
0.927554
0.939329
0.423587
0.999463
0.0674346
0.976782
0.0412106
0.958903
0.999602
0.986807
0.999759
0.94256
0.00480526
0.992646
0.983987
0.996229
0.97985
0.999893
0.922321
0.88444
0.923025
0.995262
0.424649
0.998796
0.999896
0.926911
0.733095
0.253133
0.999565
0.617692
0.787015
0.993839
0.868429
0.998957
0.658223
0.998527
0.999995
0.827725
0.629319
0.120918
0.530768
0.827352
0.999775
0.98848
0.958542
0.580779
0.951815
0.829989
0.722617
0.876835
0.690961
0.999737
0.830413
0.9514
0.995815
0.962338
0.997818
0.998911
0.417601
0.999016
0.999995
0.695108
0.992537
0.989165
0.997466
0.999993
0.999333
0.609994
0.96822
0.559579
0.999014
0.996731
0.272927
0.916142
0.971169
0.991574
0.475798
0.999925
0.419738
0.398938
0.996277
0.567346
0.872519
0.700532
0.986
0.98744
0.992492
0.991051
0.998724
0.999594
0.990101
0.999435
0.999513
0.530927
0.483787
0.999348
0.999868
0.901977
0.842545
0.996175
0.993058
0.835272
0.999853
0.999835
0.966248
0.996355
0.996186
0.994013
0.943149
0.712293
0.996599
0.989015
0.980866
0.610071
0.626384
0.999036
0.99996
0.935019
0.663076
0.962907
0.989239
0.35306
0.883921
0.610259
0.601757
0.674463
0.934058
0.989001
0.986689
0.952514
0.999951
0.999891
0.998804
0.259319
0.928307
0.734106
0.994091
0.754003
0.859797
0.0774601
0.836257
0.852064
0.831914
0.837494
0.99995
0.585013
0.278345
0.88025
0.79777
0.995544
0.806289
0.972558
0.969652
0.996523
0.0744087
0.947197
0.999827
0.985463
0.996091
0.702599
0.997559
0.989806
0.932385
0.151176
0.994739
0.859497
0.999539
0.904787
0.868228
0.739496
0.998391
0.999928
0.972734
0.84308
0.565022
0.971486
0.99227
0.998353
0.992757
0.696407
0.946375
0.944538
0.99992
0.977386
0.8235
0.998599
0.999997
0.912242
0.477862
0.717684
0.999847
0.875829
0.0356707
0.0427047
0.987903
0.999875
0.942983
0.936482
0.998397
0.950694
0.998806
0.99989
0.811888
0.747018
0.844835
0.33426
0.0547229
0.676185
0.991769
0.832443
0.57114
0.616793
0.248382
0.998244
0.993555
0.908759
0.815519
0.98656
0.651909
0.998664
0.973422
0.999954
0.994423
0.784103
0.972303
0.999981
0.988089
0.996854
0.99995
0.595072
0.893773
0.112227
0.917979
0.999734
0.800101
0.999708
0.999215
0.972908
0.996525
0.428972
0.938312
0.999121
0.966862
0.999215
0.49818
0.993073
0.980027
0.98844
0.971494
0.999684
0.852388
0.971706
0.955613
0.953751
0.999628
0.996415
0.15376
0.944348
0.718226
0.796162
0.999467
0.989735
0.359465
0.977302
0.939227
0.823125
0.993786
0.968999
0.928233
0.999949
0.941617
0.899945
0.985501
0.955513
0.998182
0.746099
0.843411
0.979005
0.998916
0.684147
0.999766
0.993293
0.98075
0.997268
0.912114
0.894629
0.996666
0.904461
0.979863
0.801931
0.999994
0.930731
0.936207
0.999972
0.464731
0.816345
0.998953
0.504314
0.777308
0.989335
0.917171
0.864996
0.985677
0.995599
0.997148
0.401933
0.0719303
0.997421
0.862786
0.999854
0.99971
0.99908
0.269399
0.943757
0.835925
0.722539
0.942926
0.671158
0.414663
0.999854
0.961529
0.742626
0.837214
0.998013
0.999382
0.999814
0.997675
0.502793
0.698953
0.995343
0.80853
0.996881
0.75073
0.999715
0.889704
0.997447
0.999516
0.991948
0.99434
0.945765
0.729657
0.972753
0.999792
0.999977
0.619935
0.95583
0.995532
0.789812
0.000101603
0.0490408
0.0206715
0.101416
0.0896447
0.0118202
0.19964
0.0838156
0.00172062
0.00816332
0.0489634
0.057422
0.00845772
0.0186737
0.00569506
3.16539e-005
0.1523
0.0160566
0.000511176
0.001186
8.37415e-005
0.109335
0.0025522
0.00824397
0.052964
0.411487
0.00925972
0.00700517
0.0387787
0.0200644
1.80049e-006
0.0607002
0.0207639
0.781699
0.0764989
0.232804
0.00932363
0.0181845
0.0817763
0.0176578
0.00113867
0.0364831
0.0708604
0.0540405
0.162186
0.0213949
0.000689871
0.0160018
0.00960053
0.0475256
0.0217774
0.00339122
0.538226
0.0317042
0.574659
0.00631225
0.00969445
0.00231701
0.000187034
0.00322652
0.00602037
0.0475418
0.253263
0.68044
0.788168
0.244182
0.0197975
0.460273
0.00597654
0.0186961
0.594238
0.0499344
0.0437829
0.0946109
0.527045
0.0166097
0.425501
0.0337371
0.00785514
0.0528992
0.295168
0.00910929
0.230817
0.0349315
0.973912
0.000422806
0.00303938
0.00160054
0.00257022
0.259617
0.00211889
0.261291
0.411514
0.102851
0.123816
0.0068676
0.112049
0.0396569
0.0465101
0.0499044
0.000759155
0.00368389
0.249833
0.149257
0.64248
0.00490108
0.114226
0.263291
0.494073
0.172406
0.0211949
0.0590992
0.0226176
0.147334
0.00506156
0.0476251
0.379763
0.377774
0.171519
0.380776
0.014346
0.401106
0.245585
0.00443718
0.049523
0.484771
0.129983
0.42785
0.00365377
0.000184232
0.0975656
0.0094079
0.00322273
2.79451e-008
0.00015309
0.119272
0.0119904
0.452718
0.115368
0.0787891
0.141242
0.0220946
0.000403534
0.019251
0.317344
0.0492903
0.000651101
0.0524906
0.124057
0.000409641
0.210429
0.204367
0.0307812
0.00545033
0.0194165
0.183772
0.172583
0.0561368
0.412023
0.0037399
0.00840912
0.0268364
0.203304
0.000786999
0.90496
0.0916468
0.246103
0.110945
0.0168334
0.0306286
0.0118811
0.0412853
0.107726
0.0265002
0.0166714
0.0205074
0.839621
0.000679742
0.341213
0.600408
0.11585
0.141633
0.0132162
0.0458274
0.262064
0.0118826
0.0102288
0.00407049
0.0537353
0.236149
0.000822675
0.0161534
0.0784366
0.000255719
0.00699247
0.0164505
0.180433
0.406503
0.011537
0.00407157
0.420404
0.00540343
0.237637
0.00457559
0.00831184
0.0407559
0.112315
0.0702677
0.00293014
0.0679765
0.019121
0.019121
0.183079
0.567025
0.133752
0.225468
0.0170664
0.134074
0.00221434
0.0170756
0.540192
0.00153587
0.122725
0.00017363
0.000172497
0.0122579
0.0198425
0.250241
0.000735274
0.0793428
0.185439
0.0336362
0.207407
0.0141335
0.0653548
0.00106001
0.125223
0.220273
0.00726591
0.413547
0.0043004
0.0576865
0.23796
0.00141909
0.000267708
0.0346333
0.051077
0.179438
0.0778621
0.158152
0.76483
0.0790648
0.147184
0.00098242
0.49012
0.0105977
0.376968
0.216491
0.0115168
0.00207027
0.314498
0.0384514
0.0280103
0.107004
0.0199086
0.0117658
0.0938326
0.00765333
3.18541e-005
0.632137
0.777039
0.863381
0.276943
0.401476
0.0245025
0.225706
0.00841526
0.0156884
0.0225909
0.00335038
0.00306309
0.204193
0.000486428
0.00123873
0.010825
0.000441943
0.216044
0.00511094
0.084451
0.186498
0.0196728
0.00109112
0.00544137
0.200167
0.00962945
0.489642
0.0361633
0.994039
0.143995
0.000570498
0.000180976
0.142304
0.0126061
0.11848
0.00632567
0.378488
0.000715009
0.11681
0.0252096
0.00893795
0.063867
0.00639694
0.00597457
0.0165987
0.0219068
0.0874388
0.0704125
0.0632977
0.0969936
0.0981504
0.956739
0.0461774
0.362602
0.174583
0.0677543
0.170543
0.999512
0.0021575
0.425679
0.803953
0.110037
0.463514
0.0290979
0.0175994
0.105922
0.000354737
0.000178324
0.00250073
0.0594676
0.0644848
0.0990947
0.113508
0.00551014
0.0270868
0.129427
0.460753
0.00930636
0.0100773
0.0839462
0.000777396
0.0560139
0.239838
0.00185436
0.00505144
0.117288
0.00445008
0.15188
0.0940176
0.0857184
0.82739
0.0616495
0.491837
0.0517122
0.00175439
0.000335412
0.215978
0.316245
0.00469692
0.0579363
0.127243
0.170653
0.0228403
0.159544
0.0367865
0.0107016
0.000759849
0.00604116
0.524057
0.400861
0.0161549
0.208643
0.00471389
0.212905
0.00276899
0.860425
0.281746
0.00703389
0.16151
0.333376
0.0322214
0.0390744
0.000251641
0.00521458
0.370704
0.452532
0.00103787
0.0217782
0.0509332
0.358385
0.0287743
0.0283041
0.017231
0.569775
0.00144391
0.00375212
0.538002
0.141139
0.0788238
0.0943302
5.70178e-005
0.000126591
0.284923
0.50592
0.0746583
0.08924
0.138664
0.0100605
0.862262
0.0174523
0.122377
0.0859539
0.0471033
0.00375998
0.000830612
0.234392
0.443524
0.780355
0.637735
0.0191055
0.0100932
0.220047
0.0406223
0.542405
0.00100208
0.00654543
0.102807
0.0105458
0.000980609
0.143029
0.00510732
0.0186745
0.00752934
0.000197776
0.00226221
0.0201852
0.639032
0.141772
0.0427758
0.0580404
0.000264249
0.0344659
0.124731
0.0358975
0.0350353
0.00174602
0.159738
0.0167325
0.000301137
0.0190907
8.22354e-005
0.000186221
0.013248
0.506042
0.338869
0.078644
0.165599
0.230387
0.146846
0.5893
0.399612
0.494537
0.74149
0.0353531
0.000315911
0.000296783
0.350011
0.0209988
0.11369
0.0147714
0.000685744
0.00119225
0.00977516
2.65891e-005
0.0170331
0.000404471
0.0121837
0.298233
0.206597
0.262187
0.00697511
0.00384266
0.2567
0.000673134
0.111643
0.409211
0.0150698
0.00456685
0.879114
0.0548318
0.00387817
0.26144
0.0240456
0.0142879
0.0125638
0.00112895
0.0158564
0.0358933
0.0499216
0.0469244
0.11635
0.71752
0.401462
0.00203874
0.0291631
0.6741
0.00512645
0.0788497
0.563842
0.0379352
0.0625452
0.00105112
0.546294
0.0646887
0.11808
0.127048
3.34186e-005
0.286352
0.715922
0.270097
0.0758252
0.0758252
0.120185
0.0334609
0.0809333
0.770804
0.0158934
0.43411
0.0574799
0.379976
0.193557
0.00252416
0.000118033
0.383525
0.888411
0.132815
0.338521
0.00303959
0.593412
0.08925
0.000340529
0.538856
0.111749
0.145204
0.728936
0.000341652
0.978877
0.0141004
0.000132895
0.00198125
0.00982998
0.0633973
0.00286407
0.0142347
0.0356982
0.0122045
0.406597
0.0162209
0.000327384
0.0330767
0.111303
0.00010798
0.100521
0.0517436
0.460984
0.442412
0.89137
0.0871168
0.0378126
0.0364018
0.0364335
0.112918
0.0122636
0.0811371
0.00660664
0.007631
0.0619047
0.00813311
0.0160146
0.0160146
0.0160146
0.0350239
0.00103095
0.0188287
0.0374881
0.194171
0.626559
0.0309097
7.97057e-005
0.05462
0.0451087
0.0073385
0.262803
0.0689008
0.29806
0.392582
0.104787
0.19575
0.902468
0.0110742
0.00203742
0.155076
0.717949
0.339556
0.243444
0.314517
0.0207705
0.906638
0.0161868
0.0387503
0.00419089
0.636438
0.141547
0.353767
0.00344904
0.0043223
0.00205665
0.000974467
0.264588
0.00253955
0.328659
0.328659
0.29705
0.0348614
0.170274
0.29594
8.01334e-005
0.0635414
0.0103899
0.0638486
0.140737
0.00180912
0.086224
0.0133801
0.401467
0.795745
0.617864
0.50741
0.658154
0.177619
0.145489
0.090673
0.0676102
0.818094
0.0820549
0.187487
0.194781
0.591831
0.168704
0.000619621
0.0495322
0.000412093
0.00668913
0.348677
0.000186862
0.000707553
0.00487022
0.00975176
0.0222621
0.244539
0.0165456
0.00185206
0.0852319
0.133133
0.725786
0.262926
0.00110272
0.543787
0.00117603
0.0042841
0.00131218
0.139449
0.443194
0.0371175
0.183305
0.0120333
0.486578
0.00818182
0.821461
0.00346113
0.00528042
0.337149
0.158734
0.00469386
0.462724
0.136794
0.00343793
0.00756259
0.0016636
0.134819
0.00777805
2.36148e-005
0.0116665
0.539771
0.07652
0.0334667
0.00521871
0.000662123
0.164865
0.00344448
0.000952936
0.159814
0.58284
0.189708
0.186246
0.0239912
0.0790652
0.0405361
0.00133673
0.0141039
0.153577
0.153577
0.0714344
0.0375119
0.0347858
0.00046807
0.00923818
0.41909
0.0254163
0.000475626
0.0236556
0.0241036
0.0171196
0.00115242
0.000748526
0.00246569
0.00181856
0.00214352
0.0452359
0.0169038
0.23881
0.468681
0.272608
0.351195
0.160154
0.0882157
0.0304848
0.113307
0.00518134
0.00666215
0.0838796
0.000659639
0.644399
0.0337075
0.0180253
0.0919515
0.0970786
0.0391455
0.039142
0.0840314
0.00614475
0.00402914
0.0229168
0.0248907
0.136
0.00270784
0.126123
0.118867
0.136555
0.123948
0.179929
0.0109381
0.192198
0.212466
0.168118
0.254766
0.0996557
0.0242357
0.0188608
0.127499
0.000875823
0.500977
0.153724
0.024882
0.968125
0.018298
0.806058
0.183261
0.062934
0.709979
0.421072
0.0763934
0.500024
0.146508
0.0276942
0.512012
0.00300465
0.000172594
0.559683
0.00933955
0.152855
0.0556423
0.0117034
0.038862
0.0391199
0.425172
0.209195
0.0330272
0.898835
0.000323856
0.516496
0.803419
0.00912284
0.417829
0.897604
0.055456
0.195054
0.0537688
0.791454
0.42191
0.020692
0.0506144
0.132558
0.0197932
0.98376
0.0116573
0.0923836
0.000914139
0.0967566
0.00219647
0.0111644
0.081536
0.0400131
0.273312
0.0385459
0.285678
0.041166
0.160401
0.000164964
0.0076303
7.34072e-005
0.00353039
0.701488
0.551485
0.58672
0.168571
0.174902
0.0150291
0.524106
0.995145
0.0295654
0.936109
0.00744761
0.000187574
0.285427
0.320295
0.0222466
0.122716
0.226569
0.0104055
0.456602
0.0290135
0.0621872
0.140566
0.797703
0.0144389
5.6283e-005
0.0413188
0.164181
0.669186
0.721447
0.000204389
0.00524592
0.0042764
0.433921
0.154697
0.770713
0.195655
0.0216215
0.03075
0.0178535
0.00208257
0.0568014
0.000383566
0.0275361
0.490518
0.162913
0.0833706
0.214975
0.0302591
0.0642523
0.122214
0.0587287
0.51733
0.000586943
0.221494
0.127812
0.0244936
0.0216462
0.978045
0.163563
0.128958
0.00266908
0.000147834
0.132262
0.0215803
0.167501
0.20803
0.0222302
0.000587055
0.0822267
0.000205845
0.155838
0.208705
0.0400568
0.259192
0.332914
0.923947
0.0572755
0.23956
0.0818659
0.139328
0.0023698
0.00109266
0.00100336
0.141508
0.253938
0.30711
0.179978
0.0521906
0.850999
0.102837
0.0238285
0.00371608
0.32386
0.0289855
0.219409
0.0362278
0.077791
0.0418139
0.0111609
0.0516919
0.112989
0.0415793
0.0191576
0.115797
0.0758241
0.70066
0.15238
6.58727e-005
0.000213535
1.49776e-005
0.181605
0.0523795
0.0268336
0.217036
0.201938
0.568166
0.0586095
0.00240285
0.0123229
0.000774413
0.0836475
0.0063578
0.000920433
0.0398504
0.185262
0.461463
0.000118699
0.00369985
0.0623253
0.0252614
0.000166084
0.329863
0.329863
0.208366
0.0892269
0.689064
0.0121119
0.00244141
0.336136
0.117474
0.0395798
0.000512269
0.0197872
0.0313627
0.025073
0.142816
0.105913
0.011546
4.35404e-005
0.234337
0.000115596
0.00848812
0.164435
0.452817
0.251043
0.0476749
0.977648
0.0282636
0.00299445
0.00449907
0.0506987
0.0987376
0.0472957
0.362373
0.000852906
0.0301653
0.329522
0.239116
0.00535151
0.00220014
0.322978
0.0058181
0.0432612
0.895765
0.452708
0.0515287
0.0543825
0.114614
0.0486974
0.0486974
0.0134056
0.275849
0.000631473
0.08243
0.000527873
0.359448
0.0457519
0.000567668
0.146118
0.00692985
0.0693321
0.00370029
0.265297
0.00307908
0.00173941
0.00202476
0.179136
0.322025
0.306338
0.269258
0.00709526
0.388343
0.0422199
0.0152048
6.97533e-005
0.0160724
0.0320359
0.311119
0.169897
0.377653
0.199385
0.512642
0.0511025
0.208257
0.00211309
0.748533
0.348332
0.423151
0.766264
0.0312285
0.0540864
0.139378
0.313838
0.0229503
0.415179
0.0274866
0.0117429
0.00828867
0.0710425
0.499456
0.109244
0.128674
0.18011
0.0210011
0.893767
0.224327
0.54348
0.0214841
0.455406
0.0792289
0.00652826
0.0883533
0.00500213
0.787051
0.990966
0.04263
0.973018
0.000417951
0.00351723
0.101781
0.029813
0.861883
0.252198
0.0110937
0.968703
0.489003
0.0386339
0.00640691
0.415113
0.280281
0.418151
0.126333
0.0131626
0.926047
0.169283
0.348893
0.460403
0.0176799
0.0230907
0.000952829
0.024274
0.000360234
0.0405996
0.844107
0.695268
0.243151
0.0126262
0.000687108
0.187755
0.489397
0.000316969
0.717207
0.440569
0.440569
0.000666855
0.000639144
0.0619333
0.00615452
0.210477
0.00639865
0.0903371
0.607845
0.038744
0.00145433
0.00489906
0.211012
0.0518819
0.276836
0.0599372
0.111216
0.0142292
0.377461
0.00940492
0.0168684
0.0241147
0.746024
0.00638339
0.137485
0.0256118
0.346546
0.00350346
0.216986
0.00034991
0.384312
0.156951
0.965011
0.0203324
0.0879477
0.251553
0.466035
0.00669841
0.431383
0.355677
0.123982
0.0605599
0.111886
0.685406
0.0112785
0.43282
0.579193
0.331626
0.787988
0.0295839
0.053795
0.523941
0.695583
0.0429428
0.10319
0.457731
0.967501
0.0205472
0.388928
0.106662
0.00251075
0.117397
0.134005
0.0423954
0.0293529
0.000623227
0.0212742
0.676937
0.184255
0.350035
0.153313
0.00849821
0.00171131
0.61646
0.126483
0.00230982
0.00348265
0.187522
0.0035281
0.181586
0.277926
0.0695959
0.283281
0.220838
8.60921e-005
0.000201896
0.467611
0.0302645
0.00700151
0.189878
0.0334106
0.00199549
0.00116477
0.0353524
0.788692
0.0810987
0.00757054
0.0323534
0.104749
0.0028818
0.433512
0.0194475
0.0273737
0.386954
0.0620352
0.0207753
0.0550148
8.41567e-006
0.046567
0.225654
0.0388567
0.108105
0.0423015
0.00794674
0.0143209
0.00217276
0.111415
0.0236524
0.0848991
0.453755
0.0948757
0.729938
0.0110529
0.255902
0.000852253
0.0412047
0.000329373
0.000163678
0.090361
0.341884
0.00414173
0.0155745
0.189454
0.382678
0.115179
0.0849723
0.000571565
0.194528
0.0105817
0.709533
0.0944182
0.000430996
0.63883
0.115113
0.466681
0.000364754
0.000548604
0.115013
0.0333642
0.763913
0.417533
0.147491
0.134519
0.000102924
0.00514514
0.00414608
0.00178557
0.000109461
0.22045
0.690739
0.0227424
0.0414014
0.180325
0.00396217
0.0512951
0.00559933
0.00531415
0.198571
0.0384669
0.00511246
0.0361254
0.0143918
0.033231
0.0089872
0.462397
0.0565028
8.49027e-005
0.381559
0.263373
0.129416
0.32146
0.0954434
0.00147113
0.00133214
0.00522224
0.00139262
0.931196
0.0167497
0.0477526
0.000632142
0.400517
0.172479
0.00511714
0.203776
0.0127486
0.112892
0.280545
0.0152705
0.803965
0.00354127
0.00340807
0.00847945
0.0167244
0.000535166
0.0171039
0.00185912
0.564898
0.187801
0.0758252
0.0940917
0.0238079
0.0260785
8.61115e-005
0.00182774
0.0982626
0.117445
0.00847662
0.329863
0.0310194
0.00162263
0.991937
0.0163941
0.00068537
0.756254
0.159654
0.606499
0.0635556
0.087139
1.67304e-005
0.282046
0.0358068
0.0962215
0.0837136
0.27488
0.0882838
0.00252956
0.101842
0.000246804
0.51385
0.0163952
0.234296
0.0358909
0.416859
0.13726
0.0114479
0.0573694
0.230613
0.0744548
0.0442888
0.119132
0.0164112
0.0668628
0.0573611
0.277658
0.54275
0.0087984
0.000274655
0.00220929
0.330253
0.789083
0.0599615
0.114551
0.00101814
0.437541
0.353206
0.230492
0.541177
0.957876
0.537725
0.000274389
0.0224957
0.10297
0.0338642
0.655235
0.100939
0.205812
0.61099
0.919453
0.287465
0.185162
0.524164
0.342438
0.0605354
0.00126963
0.00166261
0.00381563
0.00292917
0.0140126
0.0823717
0.0453179
0.0240219
0.00115184
0.217493
0.0588153
0.00806134
0.0157542
0.375096
0.80304
0.997973
0.227499
0.0401676
0.0401676
0.0519418
0.0129375
0.175925
0.0816324
0.777074
0.0767923
0.0488661
0.505393
0.000219418
0.0388834
0.00526073
0.0556194
0.0685772
0.000844947
0.000869576
0.130365
0.00161609
0.00933019
0.0296972
0.681384
0.296987
0.000691738
0.00814979
0.0122315
0.000867748
0.00354594
0.00463128
0.053225
0.0826372
0.0153348
0.000976276
0.0356234
0.148126
0.00169579
0.318373
0.45327
0.266626
8.83647e-005
0.835211
0.000449815
4.74575e-005
5.65546e-005
0.0836689
0.0325498
0.467887
0.129424
0.000567701
0.0581558
0.0429178
0.0057475
0.0367869
0.00646262
0.000503838
0.214509
0.00934156
0.0303686
0.0975301
0.096524
0.00369581
0.106152
0.00594208
0.000980797
0.308217
0.024656
0.00339264
0.0108184
0.208311
0.456947
0.608875
0.053098
0.0334288
0.000990659
0.00297594
0.78373
0.0101666
0.0684886
0.0148874
0.00291497
0.00204729
0.00529329
0.0263919
0.580677
0.00676439
0.0451624
0.896774
0.00348116
0.168011
0.00463196
0.982696
0.289788
0.0107825
0.172903
0.0122418
0.292195
0.00164891
0.194461
0.376098
0.0015044
0.226946
0.0259698
0.00962217
0.593419
0.0393461
0.237148
0.153477
0.00384301
0.4006
0.0458041
0.0198406
0.232798
0.669754
0.301044
0.694098
0.999583
0.354927
0.0581953
0.00301555
0.645399
0.0239666
0.696895
0.478242
0.213302
0.424178
0.170156
0.00055871
0.0446539
0.106992
0.0254846
0.0189777
0.0115533
0.0150587
0.0117007
0.0872827
0.200621
0.0827446
0.198904
0.0874769
0.00774506
0.0260172
0.000165806
0.119019
0.0102001
0.844933
0.144294
0.347524
0.0754439
0.0187916
0.33081
0.189468
0.0717757
0.184658
0.747498
0.54046
0.0692739
0.860118
0.0163248
0.0160345
0.203464
0.0187598
0.645433
0.02927
0.00366022
0.145405
0.385779
0.848214
0.194715
0.079241
0.15672
0.156559
0.00772804
0.0952937
0.0615648
0.376306
0.0430758
0.0136758
0.938624
1.056e-005
0.0153833
0.160182
0.000136606
0.0188347
0.220421
0.682899
0.0238503
0.0126633
0.129016
0.105401
0.0157144
0.0196861
0.000178131
0.146983
0.084257
0.0156849
0.164918
0.149305
0.0716063
0.966091
0.0290135
0.153055
0.000483644
0.00637967
0.446377
0.117848
0.0423724
0.0396984
0.0510347
0.0042521
0.0178021
0.201783
0.0344863
0.00561873
0.000555047
0.00536046
0.0145234
0.156423
0.0103555
0.000626425
0.0788256
0.00163704
0.264622
0.00076331
0.00305036
0.00121586
0.0772445
0.00937913
0.159568
0.0818546
0.414669
0.0126138
0.775916
0.12786
0.880474
0.612158
5.6692e-005
0.000240605
0.000636084
0.0663368
1
0.0589223
0.253967
0.0340177
0.0025845
0.192427
0.404354
0.100466
0.249414
0.0416022
0.00196806
0.0252017
0.323643
0.214259
0.638744
0.307465
0.639763
0.0748474
0.0928018
0.0894144
0.225218
0.995015
0.0240346
0.019604
0.931054
0.110181
0.68689
0.0243452
0.459088
0.00421585
0.00483543
0.0309746
0.817507
0.00219475
0.0287836
0.0719733
0.0411305
0.0662763
0.000531945
0.0758252
0.0157887
0.00891422
0.00602278
0.00145547
0.101474
0.222644
0.0618023
0.0939154
0.00711051
0.557872
0.0015949
0.0334835
0.212652
0.0589489
0.00749694
0.0273506
0.0575391
0.364562
0.0837825
0.000565725
0.0109511
0.145018
0.025382
0.0172025
0.341219
0.300315
0.108061
0.127573
0.529435
0.0524743
0.0200237
0.691722
0.0917954
0.0318073
0.0318073
0.0107106
0.462912
0.00791923
0.997008
0.00199846
0.492637
0.0278063
0.102037
0.0378968
0.203341
0.392551
0.0165684
0.00198263
0.00131583
0.0329505
0.135481
0.0996497
0.130849
0.10447
0.0568753
0.000274729
0.0431302
0.0621073
0.000273415
0.588002
0.490036
0.08479
0.00219425
0.00648336
0.0849899
0.397272
0.0806119
0.000178098
0.116131
0.000593658
0.0147277
0.00729668
0.00145113
0.651247
0.0694221
0.424959
0.00204607
0.300258
0.765534
0.787939
0.826603
0.947062
0.769668
0.0171445
0.194933
0.0141316
0.000181548
0.00132633
0.00741143
0.0078703
0.0227697
0.494733
0.0789099
0.009015
0.0782061
0.062129
0.939568
0.0255752
0.133733
0.964127
0.0290257
0.0106726
0.000265846
0.0123132
0.130375
0.992482
0.227291
0.11184
0.269093
0.0329595
0.634887
0.123
0.0184759
0.199827
0.589161
0.000571838
0.0220898
0.00222819
0.470217
0.0210058
0.969787
0.0508155
0.00654345
0.0273127
0.000541443
0.00140757
0.0083065
0.278465
0.0206689
0.0170517
0.0684291
0.201961
0.042618
0.498773
0.650947
0.0219182
0.0412279
0.575294
0.000638
0.211173
0.0135262
0.351044
0.3549
0.0441434
0.00386591
0.164352
0.00187775
0.0279821
0.00732564
0.27384
0.0211559
0.0211339
0.0663534
0.14096
0.0673848
0.000905934
0.966736
0.210073
0.162437
0.188162
0.497307
0.00232787
0.381684
0.99373
0.0205648
0.348129
0.147058
0.000288818
0.0334187
0.0244851
0.0155685
0.195307
0.0720157
4.5059e-005
0.00395667
0.00210417
0.0365312
0.0140992
0.00640127
0.00547464
0.695576
0.250001
0.0877124
0.0371455
0.0728687
0.418172
0.0200034
0.137859
0.000266506
0.275849
0.0286557
0.996699
0.3777
0.00516398
0.0051056
0.00407693
0.224408
0.00864678
0.000315123
0.819545
0.145995
0.000342992
0.0701127
0.270921
0.359376
0.0384892
0.0893949
0.333645
0.361931
0.00313268
0.00118413
0.0547219
0.0694209
0.124108
0.00278769
0.117065
0.970669
0.00769589
0.00174087
0.236803
0.469253
0.0910938
0.0635942
0.145652
0.00968984
0.222008
0.7604
0.209917
0.157917
0.122574
1.89593e-005
0.140432
0.081886
0.0478633
0.646468
0.180423
0.0203989
0.318009
0.108178
0.253787
0.0772412
0.0201308
0.0810416
0.0426395
0.29173
0.2769
0.333391
0.00607557
0.000393401
0.00762653
0.00480358
0.00247096
0.000382407
0.0949768
0.998819
0.00329955
0.180533
0.00493402
0.00127229
0.000264136
0.769224
0.00724233
0.403643
0.312444
0.00584446
0.000297911
0.649937
0.801356
0.0069761
0.0311222
0.00150965
0.00324531
0.44055
0.0803754
0.00481065
0.33467
0.254249
0.277667
0.214116
0.0180324
0.00547255
0.212774
0.114779
0.15366
0.150428
0.0748324
0.515631
0.000627049
0.615981
0.0879868
0.668463
0.0486953
0.0536285
0.0480452
0.207509
0.00415791
0.0833292
